Month,Mortgage,Balance,Interest,Paid Amount
1,1447.069186,119338.9308,786,661.0691864
2,1447.069186,118673.5316,781.6699968,665.3991896
3,1447.069186,118003.7741,777.3116321,669.7575542
4,1447.069186,117329.6296,772.9247202,674.1444662
5,1447.069186,116651.0695,768.5090739,678.5601125
6,1447.069186,115968.0648,764.0645052,683.0046812
7,1447.069186,115280.5864,759.5908245,687.4783619
8,1447.069186,114588.6051,755.0878412,691.9813451
9,1447.069186,113892.0913,750.5553634,696.513823
10,1447.069186,113191.0153,745.9931979,701.0759885
11,1447.069186,112485.3473,741.4011502,705.6680362
12,1447.069186,111775.0571,736.7790245,710.2901619
13,1447.069186,111060.1145,732.126624,714.9425624
14,1447.069186,110340.4891,727.4437502,719.6254362
15,1447.069186,109616.1501,722.7302036,724.3389828
16,1447.069186,108887.0667,717.9857832,729.0834031
17,1447.069186,108153.2078,713.2102869,733.8588994
18,1447.069186,107414.5421,708.4035112,738.6656752
19,1447.069186,106671.0382,703.565251,743.5039354
20,1447.069186,105922.6643,698.6953002,748.3738862
21,1447.069186,105169.3886,693.7934512,753.2757351
22,1447.069186,104411.1789,688.8594952,758.2096912
23,1447.069186,103648.0029,683.8932217,763.1759647
24,1447.069186,102879.8282,678.8944191,768.1747672
25,1447.069186,102106.6218,673.8628744,773.206312
26,1447.069186,101328.351,668.7983731,778.2708133
27,1447.069186,100544.9825,663.7006992,783.3684871
28,1447.069186,99756.48299,658.5696356,788.4995507
29,1447.069186,98962.81877,653.4049636,793.6642228
30,1447.069186,98163.95604,648.2064629,798.8627234
31,1447.069186,97359.86077,642.9739121,804.0952743
32,1447.069186,96550.49867,637.707088,809.3620983
33,1447.069186,95735.83525,632.4057663,814.6634201
34,1447.069186,94915.83579,627.0697209,819.9994655
35,1447.069186,94090.46532,621.6987244,825.370462
36,1447.069186,93259.68869,616.2925479,830.7766385
37,1447.069186,92423.47046,610.8509609,836.2182255
38,1447.069186,91581.77501,605.3737315,841.6954549
39,1447.069186,90734.56645,599.8606263,847.2085601
40,1447.069186,89881.80867,594.3114102,852.7577762
41,1447.069186,89023.46533,588.7258468,858.3433396
42,1447.069186,88159.49984,583.1036979,863.9654885
43,1447.069186,87289.87538,577.444724,869.6244624
44,1447.069186,86414.55488,571.7486837,875.3205026
45,1447.069186,85533.50102,566.0153344,881.0538519
46,1447.069186,84646.67627,560.2444317,886.8247547
47,1447.069186,83754.04281,554.4357296,892.6334568
48,1447.069186,82855.56261,548.5889804,898.480206
49,1447.069186,81951.19736,542.7039351,904.3652513
50,1447.069186,81040.90851,536.7803427,910.2888437
51,1447.069186,80124.65728,530.8179508,916.2512356
52,1447.069186,79202.4046,524.8165052,922.2526812
53,1447.069186,78274.11116,518.7757501,928.2934363
54,1447.069186,77339.7374,512.6954281,934.3737583
55,1447.069186,76399.24349,506.57528,940.4939064
56,1447.069186,75452.58935,500.4150449,946.6541415
57,1447.069186,74499.73463,494.2144603,952.8547261
58,1447.069186,73540.6387,487.9732618,959.0959246
59,1447.069186,72575.2607,481.6911835,965.3780029
60,1447.069186,71603.55947,475.3679576,971.7012288
61,1447.069186,70625.4936,469.0033145,978.0658719
62,1447.069186,69641.0214,462.5969831,984.4722033
63,1447.069186,68650.1009,456.1486901,990.9204962
64,1447.069186,67652.68987,449.6581609,997.4110255
65,1447.069186,66648.74581,443.1251187,1003.944068
66,1447.069186,65638.2259,436.549285,1010.519901
67,1447.069186,64621.0871,429.9303797,1017.138807
68,1447.069186,63597.28603,423.2681205,1023.801066
69,1447.069186,62566.77907,416.5622235,1030.506963
70,1447.069186,61529.52229,409.8124029,1037.256783
71,1447.069186,60485.47147,403.018371,1044.050815
72,1447.069186,59434.58212,396.1798381,1050.889348
73,1447.069186,58376.80945,389.2965129,1057.772673
74,1447.069186,57312.10836,382.3681019,1064.701084
75,1447.069186,56240.43349,375.3943098,1071.674877
76,1447.069186,55161.73914,368.3748393,1078.694347
77,1447.069186,54075.97935,361.3093914,1085.759795
78,1447.069186,52983.10782,354.1976647,1092.871522
79,1447.069186,51883.07799,347.0393562,1100.02983
80,1447.069186,50775.84297,339.8341609,1107.235026
81,1447.069186,49661.35555,332.5817714,1114.487415
82,1447.069186,48539.56825,325.2818789,1121.787308
83,1447.069186,47410.43323,317.934172,1129.135014
84,1447.069186,46273.90238,310.5383377,1136.530849
85,1447.069186,45129.92726,303.0940606,1143.975126
86,1447.069186,43978.45909,295.6010235,1151.468163
87,1447.069186,42819.44881,288.0589071,1159.010279
88,1447.069186,41652.84702,280.4673897,1166.601797
89,1447.069186,40478.60398,272.826148,1174.243038
90,1447.069186,39296.66965,265.1348561,1181.93433
91,1447.069186,38106.99365,257.3931862,1189.676
92,1447.069186,36909.52527,249.6008084,1197.468378
93,1447.069186,35704.21347,241.7573905,1205.311796
94,1447.069186,34491.00689,233.8625983,1213.206588
95,1447.069186,33269.8538,225.9160951,1221.153091
96,1447.069186,32040.70215,217.9175424,1229.151644
97,1447.069186,30803.49956,209.8665991,1237.202587
98,1447.069186,29558.1933,201.7629221,1245.306264
99,1447.069186,28304.73028,193.6061661,1253.46302
100,1447.069186,27043.05708,185.3959833,1261.673203
101,1447.069186,25773.11991,177.1320239,1269.937163
102,1447.069186,24494.86466,168.8139354,1278.255251
103,1447.069186,23208.23684,160.4413635,1286.627823
104,1447.069186,21913.18161,152.0139513,1295.055235
105,1447.069186,20609.64376,143.5313395,1303.537847
106,1447.069186,19297.56774,134.9931666,1312.07602
107,1447.069186,17976.89762,126.3990687,1320.670118
108,1447.069186,16647.57711,117.7486794,1329.320507
109,1447.069186,15309.54956,109.0416301,1338.027556
110,1447.069186,13962.75792,100.2775496,1346.791637
111,1447.069186,12607.1448,91.45606438,1355.613122
112,1447.069186,11242.65241,82.57679843,1364.492388
113,1447.069186,9869.222598,73.63937329,1373.429813
114,1447.069186,8486.79682,64.64340802,1382.425778
115,1447.069186,7095.316152,55.58851917,1391.480667
116,1447.069186,5694.721287,46.4743208,1400.594866
117,1447.069186,4284.952525,37.30042443,1409.768762
118,1447.069186,2865.949777,28.06643904,1419.002747
119,1447.069186,1437.652562,18.77197104,1428.297215
120,1447.069186,1.53E-09,9.416624282,1437.652562
